{
 "cells": [
  {
   "cell_type": "markdown",
   "id": "9ba19bcd",
   "metadata": {},
   "source": [
    "# Lane Detection using Vision Transformer"
   ]
  },
  {
   "cell_type": "markdown",
   "id": "6e1f4323",
   "metadata": {},
   "source": [
    "## Abstract\n",
    "\n",
    "In this notebook, we perform Lane Detection by fine tuning a Vision Transformer Model on the OpenLaneV2 dataset. This task is essential for many downstream tasks like Bird's Eye View Representation, Motion Planning, 3D Occupancy Detection etc. "
   ]
  },
  {
   "cell_type": "markdown",
   "id": "d3d8327e",
   "metadata": {},
   "source": [
    "## Dataset Description\n",
    "\n",
    "The OpenLane dataset consists of multi-view images taken by a cameras mounted on an ego vehicle. The dataset provides annotations for Lane lines, Traffic elements,Area elements(Pedestrian Crossing, Sidewalk etc)\n",
    "\n",
    "Dataset Link - [here](https://github.com/OpenDriveLab/OpenLane-V2/blob/master/data/README.md#download)"
   ]
  },
  {
   "cell_type": "markdown",
   "id": "17b0b521",
   "metadata": {},
   "source": [
    "### RTDETR for Object Detection"
   ]
  },
  {
   "cell_type": "code",
   "execution_count": 2,
   "id": "1bae48e8",
   "metadata": {},
   "outputs": [],
   "source": [
    "import torch\n",
    "import requests\n",
    "from PIL import Image\n",
    "from transformers import RTDetrForObjectDetection, RTDetrImageProcessor"
   ]
  },
  {
   "cell_type": "code",
   "execution_count": 3,
   "id": "ca8bbfe3",
   "metadata": {},
   "outputs": [
    {
     "data": {
      "application/vnd.jupyter.widget-view+json": {
       "model_id": "b2b95f9174994395b83f86b935f65c1d",
       "version_major": 2,
       "version_minor": 0
      },
      "text/plain": [
       "preprocessor_config.json:   0%|          | 0.00/841 [00:00<?, ?B/s]"
      ]
     },
     "metadata": {},
     "output_type": "display_data"
    },
    {
     "data": {
      "application/vnd.jupyter.widget-view+json": {
       "model_id": "3c07e7e6a71c4087a3e252ebd6601073",
       "version_major": 2,
       "version_minor": 0
      },
      "text/plain": [
       "config.json:   0%|          | 0.00/5.11k [00:00<?, ?B/s]"
      ]
     },
     "metadata": {},
     "output_type": "display_data"
    },
    {
     "data": {
      "application/vnd.jupyter.widget-view+json": {
       "model_id": "1185df9e72574411aac86019c9815566",
       "version_major": 2,
       "version_minor": 0
      },
      "text/plain": [
       "model.safetensors:   0%|          | 0.00/172M [00:00<?, ?B/s]"
      ]
     },
     "metadata": {},
     "output_type": "display_data"
    },
    {
     "name": "stdout",
     "output_type": "stream",
     "text": [
      "sofa: 0.97 [0.14, 0.38, 640.13, 476.21]\n",
      "cat: 0.96 [343.38, 24.28, 640.14, 371.5]\n",
      "cat: 0.96 [13.23, 54.18, 318.98, 472.22]\n",
      "remote: 0.95 [40.11, 73.44, 175.96, 118.48]\n",
      "remote: 0.92 [333.73, 76.58, 369.97, 186.99]\n"
     ]
    }
   ],
   "source": [
    "url = 'http://images.cocodataset.org/val2017/000000039769.jpg' \n",
    "image = Image.open(requests.get(url, stream=True).raw)\n",
    "\n",
    "image_processor = RTDetrImageProcessor.from_pretrained(\"PekingU/rtdetr_r50vd\")\n",
    "model = RTDetrForObjectDetection.from_pretrained(\"PekingU/rtdetr_r50vd\")\n",
    "\n",
    "inputs = image_processor(images=image, return_tensors=\"pt\")\n",
    "\n",
    "with torch.no_grad():\n",
    "    outputs = model(**inputs)\n",
    "\n",
    "results = image_processor.post_process_object_detection(outputs, target_sizes=torch.tensor([image.size[::-1]]), threshold=0.3)\n",
    "\n",
    "for result in results:\n",
    "    for score, label_id, box in zip(result[\"scores\"], result[\"labels\"], result[\"boxes\"]):\n",
    "        score, label = score.item(), label_id.item()\n",
    "        box = [round(i, 2) for i in box.tolist()]\n",
    "        print(f\"{model.config.id2label[label]}: {score:.2f} {box}\")\n"
   ]
  },
  {
   "cell_type": "markdown",
   "id": "efc0c672",
   "metadata": {},
   "source": [
    "### ResNet for Laneline Detection"
   ]
  },
  {
   "cell_type": "code",
   "execution_count": 47,
   "id": "e033fa59",
   "metadata": {},
   "outputs": [],
   "source": [
    "import torch\n",
    "import torch.nn as nn\n",
    "import torchvision.models as models\n",
    "from torch.utils.data import Dataset\n",
    "import os\n",
    "import sys"
   ]
  },
  {
   "cell_type": "code",
   "execution_count": 61,
   "id": "950a692f",
   "metadata": {},
   "outputs": [],
   "source": [
    "import pandas as pd\n",
    "\n",
    "data_dict_subset_A = pd.read_pickle('../../OpenLane-V2/data/OpenLane-V2/data_dict_subset_A.pkl')"
   ]
  },
  {
   "cell_type": "code",
   "execution_count": 85,
   "id": "54d7c7eb",
   "metadata": {
    "scrolled": true
   },
   "outputs": [],
   "source": [
    "data_dict_train = {}\n",
    "data_dict_val = {}\n",
    "\n",
    "for i in data_dict_subset_A.keys():\n",
    "    if i[0] == 'train':\n",
    "        data_dict_train[i] = data_dict_subset_A[i]\n",
    "    if i[0] == 'val':\n",
    "        data_dict_val[i] = data_dict_subset_A[i]\n",
    "    "
   ]
  },
  {
   "cell_type": "code",
   "execution_count": 42,
   "id": "255cb60b",
   "metadata": {},
   "outputs": [
    {
     "name": "stderr",
     "output_type": "stream",
     "text": [
      "Downloading: \"https://download.pytorch.org/models/resnet50-11ad3fa6.pth\" to /Users/akshaybharadwaj/.cache/torch/hub/checkpoints/resnet50-11ad3fa6.pth\n",
      "100%|██████████████████████████████████████████████████████████████████████████████████████████████████████████████████████████████████████████████████████████████████████| 97.8M/97.8M [00:29<00:00, 3.45MB/s]\n"
     ]
    }
   ],
   "source": [
    "# Resnet 50\n",
    "from torchvision.models import resnet50, ResNet50_Weights\n",
    "\n",
    "model = resnet50(weights=ResNet50_Weights.DEFAULT)\n"
   ]
  },
  {
   "cell_type": "markdown",
   "id": "809fe617",
   "metadata": {},
   "source": [
    "### Project 3d to 2d "
   ]
  },
  {
   "cell_type": "code",
   "execution_count": 36,
   "id": "655fec64",
   "metadata": {},
   "outputs": [],
   "source": [
    "# ==============================================================================\n",
    "# Binaries and/or source for the following packages or projects \n",
    "# are presented under one or more of the following open source licenses:\n",
    "# utils.py    The OpenLane-V2 Dataset Authors    Apache License, Version 2.0\n",
    "#\n",
    "# Contact wanghuijie@pjlab.org.cn if you have any issue.\n",
    "#\n",
    "# Copyright (c) 2023 The OpenLane-V2 Dataset Authors. All Rights Reserved.\n",
    "#\n",
    "# Licensed under the Apache License, Version 2.0 (the \"License\");\n",
    "# you may not use this file except in compliance with the License.\n",
    "# You may obtain a copy of the License at\n",
    "#\n",
    "# http://www.apache.org/licenses/LICENSE-2.0\n",
    "#\n",
    "# Unless required by applicable law or agreed to in writing, software\n",
    "# distributed under the License is distributed on an \"AS IS\" BASIS,\n",
    "# WITHOUT WARRANTIES OR CONDITIONS OF ANY KIND, either express or implied.\n",
    "# See the License for the specific language governing permissions and\n",
    "# limitations under the License.\n",
    "# ==============================================================================\n",
    "\n",
    "import numpy as np\n",
    "\n",
    "\n",
    "THICKNESS = 4\n",
    "\n",
    "COLOR_DEFAULT = (0, 0, 255)\n",
    "COLOR_DICT = {\n",
    "    0:  COLOR_DEFAULT,\n",
    "    1:  (255, 0, 0),\n",
    "    2:  (0, 255, 0),\n",
    "    3:  (255, 255, 0),\n",
    "    4:  (255, 0, 255),\n",
    "    5:  (0, 128, 128),\n",
    "    6:  (0, 128, 0),\n",
    "    7:  (128, 0, 0),\n",
    "    8:  (128, 0, 128),\n",
    "    9:  (128, 128, 0),\n",
    "    10: (0, 0, 128),\n",
    "    11: (64, 64, 64),\n",
    "    12: (192, 192, 192),\n",
    "}\n",
    "\n",
    "\n",
    "def interp_arc(points, t=1000):\n",
    "    r'''\n",
    "    Linearly interpolate equally-spaced points along a polyline, either in 2d or 3d.\n",
    "\n",
    "    Parameters\n",
    "    ----------\n",
    "    points : List\n",
    "        List of shape (N,2) or (N,3), representing 2d or 3d-coordinates.\n",
    "    t : array_like\n",
    "        Number of points that will be uniformly interpolated and returned.\n",
    "\n",
    "    Returns\n",
    "    -------\n",
    "    array_like  \n",
    "        Numpy array of shape (N,2) or (N,3)\n",
    "\n",
    "    Notes\n",
    "    -----\n",
    "    Adapted from https://github.com/johnwlambert/argoverse2-api/blob/main/src/av2/geometry/interpolate.py#L120\n",
    "\n",
    "    '''\n",
    "    \n",
    "    # filter consecutive points with same coordinate\n",
    "    temp = []\n",
    "    for point in points:\n",
    "        point = point.tolist()\n",
    "        if temp == [] or point != temp[-1]:\n",
    "            temp.append(point)\n",
    "    if len(temp) <= 1:\n",
    "        return None\n",
    "    points = np.array(temp, dtype=points.dtype)\n",
    "\n",
    "    assert points.ndim == 2\n",
    "\n",
    "    # the number of points on the curve itself\n",
    "    n, _ = points.shape\n",
    "\n",
    "    # equally spaced in arclength -- the number of points that will be uniformly interpolated\n",
    "    eq_spaced_points = np.linspace(0, 1, t)\n",
    "\n",
    "    # Compute the chordal arclength of each segment.\n",
    "    # Compute differences between each x coord, to get the dx's\n",
    "    # Do the same to get dy's. Then the hypotenuse length is computed as a norm.\n",
    "    chordlen = np.linalg.norm(np.diff(points, axis=0), axis=1)  # type: ignore\n",
    "    # Normalize the arclengths to a unit total\n",
    "    chordlen = chordlen / np.sum(chordlen)\n",
    "    # cumulative arclength\n",
    "\n",
    "    cumarc = np.zeros(len(chordlen) + 1)\n",
    "    cumarc[1:] = np.cumsum(chordlen)\n",
    "\n",
    "    # which interval did each point fall in, in terms of eq_spaced_points? (bin index)\n",
    "    tbins = np.digitize(eq_spaced_points, bins=cumarc).astype(int)  # type: ignore\n",
    "\n",
    "    # #catch any problems at the ends\n",
    "    tbins[np.where((tbins <= 0) | (eq_spaced_points <= 0))] = 1  # type: ignore\n",
    "    tbins[np.where((tbins >= n) | (eq_spaced_points >= 1))] = n - 1\n",
    "\n",
    "    s = np.divide((eq_spaced_points - cumarc[tbins - 1]), chordlen[tbins - 1])\n",
    "    anchors = points[tbins - 1, :]\n",
    "    # broadcast to scale each row of `points` by a different row of s\n",
    "    offsets = (points[tbins, :] - points[tbins - 1, :]) * s.reshape(-1, 1)\n",
    "    points_interp = anchors + offsets\n",
    "#     print(f\"points interp : {points_interp}\")\n",
    "    return points_interp\n",
    "\n"
   ]
  },
  {
   "cell_type": "code",
   "execution_count": 77,
   "id": "1739640c",
   "metadata": {},
   "outputs": [],
   "source": [
    "def _project(points, intrinsic, extrinsic):\n",
    "    if points is None:\n",
    "        return points\n",
    "    \n",
    "    points_in_cam_cor = np.linalg.pinv(np.array(extrinsic['rotation'])) \\\n",
    "        @ (points.T - np.array(extrinsic['translation']).reshape(3, -1))\n",
    "    \n",
    "#     print(\"points cam 1 : \", points_in_cam_cor)\n",
    "    \n",
    "    points_in_cam_cor = points_in_cam_cor[:, points_in_cam_cor[2, :] > 0]\n",
    "#     print(\"points cam : \", points_in_cam_cor)\n",
    "    \n",
    "    if points_in_cam_cor.shape[1] > 1:\n",
    "        points_on_image_cor = np.array(intrinsic['K']) @ points_in_cam_cor\n",
    "        points_on_image_cor = points_on_image_cor / (points_on_image_cor[-1, :].reshape(1, -1))\n",
    "        points_on_image_cor = points_on_image_cor[:2, :].T\n",
    "    else:\n",
    "        points_on_image_cor = None\n",
    "#     print(\" points_on_image_cor : \", points_on_image_cor)\n",
    "    return points_on_image_cor"
   ]
  },
  {
   "cell_type": "markdown",
   "id": "7666c3ba",
   "metadata": {},
   "source": [
    "### Custom Dataset"
   ]
  },
  {
   "cell_type": "code",
   "execution_count": 82,
   "id": "b342517e",
   "metadata": {},
   "outputs": [],
   "source": [
    "import torch\n",
    "from torch.utils.data import Dataset\n",
    "from PIL import Image\n",
    "import numpy as np\n",
    "import os\n",
    "\n",
    "class Lane3DDataset(Dataset):\n",
    "    def __init__(self, image_dir, data_dict, transform=None):\n",
    "        self.image_dir = image_dir\n",
    "        self.transform = transform\n",
    "        self.annotations = self.load_annotations(data_dict)\n",
    "\n",
    "    def load_annotations(self, data_dict):\n",
    "        annotations = []\n",
    "        try:\n",
    "            for ann in data_dict:\n",
    "    #             print(data_dict[ann].keys())\n",
    "                frame = data_dict[ann]['sensor']['ring_front_center']\n",
    "                image_name = frame['image_path']\n",
    "                intrinsics = frame['intrinsic']\n",
    "                extrinsics = frame['extrinsic']\n",
    "                lane_points_3d = data_dict[ann]['annotation']['lane_segment'][0]['centerline']\n",
    "                lane_points_2d = _project(interp_arc(np.array(lane_points_3d)), frame['intrinsic'],frame['extrinsic'])\n",
    "                if type(center_points) == np.ndarray:\n",
    "                    annotations.append((image_name, intrinsics, extrinsics, lane_points_2d))\n",
    "            print(f\"len of annotations : {len(annotations)}\")\n",
    "            return annotations\n",
    "        except:\n",
    "            print(data_dict[ann].keys())\n",
    "\n",
    "    def __len__(self):\n",
    "        return len(self.annotations)\n",
    "\n",
    "    def __getitem__(self, idx):\n",
    "        image_name, intrinsics, extrinsics, lane_points_2d = self.annotations[idx]\n",
    "        img_path = os.path.join(self.image_dir, image_name)\n",
    "        image = Image.open(img_path).convert(\"RGB\")\n",
    "\n",
    "        if self.transform:\n",
    "            image = self.transform(image)\n",
    "\n",
    "        lane_points_2d = torch.tensor(lane_points_2d, dtype=torch.float32)\n",
    "\n",
    "        return image, intrinsics, extrinsics, lane_points_2d\n"
   ]
  },
  {
   "cell_type": "code",
   "execution_count": 87,
   "id": "37638a5d",
   "metadata": {},
   "outputs": [
    {
     "name": "stdout",
     "output_type": "stream",
     "text": [
      "len of annotations : 3199\n"
     ]
    }
   ],
   "source": [
    "from torchvision import transforms\n",
    "\n",
    "transform = transforms.Compose([\n",
    "    transforms.Resize((224, 224)),\n",
    "    transforms.ToTensor(),\n",
    "    transforms.Normalize(mean=[0.485, 0.456, 0.406], std=[0.229, 0.224, 0.225]),\n",
    "])\n",
    "\n",
    "dataset = Lane3DDataset(image_dir='../../OpenLane-V2/data/OpenLane-V2/mapless_driving/', data_dict=data_dict_train, transform=transform)\n",
    "# dataloader = torch.utils.data.DataLoader(dataset, batch_size=16, shuffle=True)\n"
   ]
  },
  {
   "cell_type": "code",
   "execution_count": 88,
   "id": "a7104b5f",
   "metadata": {
    "collapsed": true
   },
   "outputs": [
    {
     "data": {
      "text/plain": [
       "[('train/00000/image/ring_front_center/315967376899927209.jpg',\n",
       "  {'K': array([[1.77733411e+03, 0.00000000e+00, 7.78222656e+02],\n",
       "          [0.00000000e+00, 1.77733411e+03, 1.01621350e+03],\n",
       "          [0.00000000e+00, 0.00000000e+00, 1.00000000e+00]]),\n",
       "   'distortion': array([-0.24358925, -0.20579766,  0.32205908])},\n",
       "  {'rotation': array([[-9.57540534e-04,  5.28159325e-03,  9.99985594e-01],\n",
       "          [-9.99999076e-01, -9.69974438e-04, -9.52430359e-04],\n",
       "          [ 9.64930115e-04, -9.99985582e-01,  5.28251716e-03]]),\n",
       "   'translation': array([1.63685016, 0.00213953, 1.40590799])},\n",
       "  None),\n",
       " ('train/00000/image/ring_front_center/315967377349927211.jpg',\n",
       "  {'K': array([[1.77733411e+03, 0.00000000e+00, 7.78222656e+02],\n",
       "          [0.00000000e+00, 1.77733411e+03, 1.01621350e+03],\n",
       "          [0.00000000e+00, 0.00000000e+00, 1.00000000e+00]]),\n",
       "   'distortion': array([-0.24358925, -0.20579766,  0.32205908])},\n",
       "  {'rotation': array([[-9.57540534e-04,  5.28159325e-03,  9.99985594e-01],\n",
       "          [-9.99999076e-01, -9.69974438e-04, -9.52430359e-04],\n",
       "          [ 9.64930115e-04, -9.99985582e-01,  5.28251716e-03]]),\n",
       "   'translation': array([1.63685016, 0.00213953, 1.40590799])},\n",
       "  None),\n",
       " ('train/00000/image/ring_front_center/315967377849927217.jpg',\n",
       "  {'K': array([[1.77733411e+03, 0.00000000e+00, 7.78222656e+02],\n",
       "          [0.00000000e+00, 1.77733411e+03, 1.01621350e+03],\n",
       "          [0.00000000e+00, 0.00000000e+00, 1.00000000e+00]]),\n",
       "   'distortion': array([-0.24358925, -0.20579766,  0.32205908])},\n",
       "  {'rotation': array([[-9.57540534e-04,  5.28159325e-03,  9.99985594e-01],\n",
       "          [-9.99999076e-01, -9.69974438e-04, -9.52430359e-04],\n",
       "          [ 9.64930115e-04, -9.99985582e-01,  5.28251716e-03]]),\n",
       "   'translation': array([1.63685016, 0.00213953, 1.40590799])},\n",
       "  None),\n",
       " ('train/00000/image/ring_front_center/315967378349927223.jpg',\n",
       "  {'K': array([[1.77733411e+03, 0.00000000e+00, 7.78222656e+02],\n",
       "          [0.00000000e+00, 1.77733411e+03, 1.01621350e+03],\n",
       "          [0.00000000e+00, 0.00000000e+00, 1.00000000e+00]]),\n",
       "   'distortion': array([-0.24358925, -0.20579766,  0.32205908])},\n",
       "  {'rotation': array([[-9.57540534e-04,  5.28159325e-03,  9.99985594e-01],\n",
       "          [-9.99999076e-01, -9.69974438e-04, -9.52430359e-04],\n",
       "          [ 9.64930115e-04, -9.99985582e-01,  5.28251716e-03]]),\n",
       "   'translation': array([1.63685016, 0.00213953, 1.40590799])},\n",
       "  None),\n",
       " ('train/00000/image/ring_front_center/315967378849927221.jpg',\n",
       "  {'K': array([[1.77733411e+03, 0.00000000e+00, 7.78222656e+02],\n",
       "          [0.00000000e+00, 1.77733411e+03, 1.01621350e+03],\n",
       "          [0.00000000e+00, 0.00000000e+00, 1.00000000e+00]]),\n",
       "   'distortion': array([-0.24358925, -0.20579766,  0.32205908])},\n",
       "  {'rotation': array([[-9.57540534e-04,  5.28159325e-03,  9.99985594e-01],\n",
       "          [-9.99999076e-01, -9.69974438e-04, -9.52430359e-04],\n",
       "          [ 9.64930115e-04, -9.99985582e-01,  5.28251716e-03]]),\n",
       "   'translation': array([1.63685016, 0.00213953, 1.40590799])},\n",
       "  None),\n",
       " ('train/00000/image/ring_front_center/315967379349927219.jpg',\n",
       "  {'K': array([[1.77733411e+03, 0.00000000e+00, 7.78222656e+02],\n",
       "          [0.00000000e+00, 1.77733411e+03, 1.01621350e+03],\n",
       "          [0.00000000e+00, 0.00000000e+00, 1.00000000e+00]]),\n",
       "   'distortion': array([-0.24358925, -0.20579766,  0.32205908])},\n",
       "  {'rotation': array([[-9.57540534e-04,  5.28159325e-03,  9.99985594e-01],\n",
       "          [-9.99999076e-01, -9.69974438e-04, -9.52430359e-04],\n",
       "          [ 9.64930115e-04, -9.99985582e-01,  5.28251716e-03]]),\n",
       "   'translation': array([1.63685016, 0.00213953, 1.40590799])},\n",
       "  None),\n",
       " ('train/00000/image/ring_front_center/315967379849927218.jpg',\n",
       "  {'K': array([[1.77733411e+03, 0.00000000e+00, 7.78222656e+02],\n",
       "          [0.00000000e+00, 1.77733411e+03, 1.01621350e+03],\n",
       "          [0.00000000e+00, 0.00000000e+00, 1.00000000e+00]]),\n",
       "   'distortion': array([-0.24358925, -0.20579766,  0.32205908])},\n",
       "  {'rotation': array([[-9.57540534e-04,  5.28159325e-03,  9.99985594e-01],\n",
       "          [-9.99999076e-01, -9.69974438e-04, -9.52430359e-04],\n",
       "          [ 9.64930115e-04, -9.99985582e-01,  5.28251716e-03]]),\n",
       "   'translation': array([1.63685016, 0.00213953, 1.40590799])},\n",
       "  None),\n",
       " ('train/00000/image/ring_front_center/315967380349927220.jpg',\n",
       "  {'K': array([[1.77733411e+03, 0.00000000e+00, 7.78222656e+02],\n",
       "          [0.00000000e+00, 1.77733411e+03, 1.01621350e+03],\n",
       "          [0.00000000e+00, 0.00000000e+00, 1.00000000e+00]]),\n",
       "   'distortion': array([-0.24358925, -0.20579766,  0.32205908])},\n",
       "  {'rotation': array([[-9.57540534e-04,  5.28159325e-03,  9.99985594e-01],\n",
       "          [-9.99999076e-01, -9.69974438e-04, -9.52430359e-04],\n",
       "          [ 9.64930115e-04, -9.99985582e-01,  5.28251716e-03]]),\n",
       "   'translation': array([1.63685016, 0.00213953, 1.40590799])},\n",
       "  None),\n",
       " ('train/00000/image/ring_front_center/315967380849927218.jpg',\n",
       "  {'K': array([[1.77733411e+03, 0.00000000e+00, 7.78222656e+02],\n",
       "          [0.00000000e+00, 1.77733411e+03, 1.01621350e+03],\n",
       "          [0.00000000e+00, 0.00000000e+00, 1.00000000e+00]]),\n",
       "   'distortion': array([-0.24358925, -0.20579766,  0.32205908])},\n",
       "  {'rotation': array([[-9.57540534e-04,  5.28159325e-03,  9.99985594e-01],\n",
       "          [-9.99999076e-01, -9.69974438e-04, -9.52430359e-04],\n",
       "          [ 9.64930115e-04, -9.99985582e-01,  5.28251716e-03]]),\n",
       "   'translation': array([1.63685016, 0.00213953, 1.40590799])},\n",
       "  None),\n",
       " ('train/00000/image/ring_front_center/315967381349927208.jpg',\n",
       "  {'K': array([[1.77733411e+03, 0.00000000e+00, 7.78222656e+02],\n",
       "          [0.00000000e+00, 1.77733411e+03, 1.01621350e+03],\n",
       "          [0.00000000e+00, 0.00000000e+00, 1.00000000e+00]]),\n",
       "   'distortion': array([-0.24358925, -0.20579766,  0.32205908])},\n",
       "  {'rotation': array([[-9.57540534e-04,  5.28159325e-03,  9.99985594e-01],\n",
       "          [-9.99999076e-01, -9.69974438e-04, -9.52430359e-04],\n",
       "          [ 9.64930115e-04, -9.99985582e-01,  5.28251716e-03]]),\n",
       "   'translation': array([1.63685016, 0.00213953, 1.40590799])},\n",
       "  None),\n",
       " ('train/00000/image/ring_front_center/315967381849927221.jpg',\n",
       "  {'K': array([[1.77733411e+03, 0.00000000e+00, 7.78222656e+02],\n",
       "          [0.00000000e+00, 1.77733411e+03, 1.01621350e+03],\n",
       "          [0.00000000e+00, 0.00000000e+00, 1.00000000e+00]]),\n",
       "   'distortion': array([-0.24358925, -0.20579766,  0.32205908])},\n",
       "  {'rotation': array([[-9.57540534e-04,  5.28159325e-03,  9.99985594e-01],\n",
       "          [-9.99999076e-01, -9.69974438e-04, -9.52430359e-04],\n",
       "          [ 9.64930115e-04, -9.99985582e-01,  5.28251716e-03]]),\n",
       "   'translation': array([1.63685016, 0.00213953, 1.40590799])},\n",
       "  None),\n",
       " ('train/00000/image/ring_front_center/315967382349927219.jpg',\n",
       "  {'K': array([[1.77733411e+03, 0.00000000e+00, 7.78222656e+02],\n",
       "          [0.00000000e+00, 1.77733411e+03, 1.01621350e+03],\n",
       "          [0.00000000e+00, 0.00000000e+00, 1.00000000e+00]]),\n",
       "   'distortion': array([-0.24358925, -0.20579766,  0.32205908])},\n",
       "  {'rotation': array([[-9.57540534e-04,  5.28159325e-03,  9.99985594e-01],\n",
       "          [-9.99999076e-01, -9.69974438e-04, -9.52430359e-04],\n",
       "          [ 9.64930115e-04, -9.99985582e-01,  5.28251716e-03]]),\n",
       "   'translation': array([1.63685016, 0.00213953, 1.40590799])},\n",
       "  None),\n",
       " ('train/00000/image/ring_front_center/315967382849927217.jpg',\n",
       "  {'K': array([[1.77733411e+03, 0.00000000e+00, 7.78222656e+02],\n",
       "          [0.00000000e+00, 1.77733411e+03, 1.01621350e+03],\n",
       "          [0.00000000e+00, 0.00000000e+00, 1.00000000e+00]]),\n",
       "   'distortion': array([-0.24358925, -0.20579766,  0.32205908])},\n",
       "  {'rotation': array([[-9.57540534e-04,  5.28159325e-03,  9.99985594e-01],\n",
       "          [-9.99999076e-01, -9.69974438e-04, -9.52430359e-04],\n",
       "          [ 9.64930115e-04, -9.99985582e-01,  5.28251716e-03]]),\n",
       "   'translation': array([1.63685016, 0.00213953, 1.40590799])},\n",
       "  None),\n",
       " ('train/00000/image/ring_front_center/315967383349927223.jpg',\n",
       "  {'K': array([[1.77733411e+03, 0.00000000e+00, 7.78222656e+02],\n",
       "          [0.00000000e+00, 1.77733411e+03, 1.01621350e+03],\n",
       "          [0.00000000e+00, 0.00000000e+00, 1.00000000e+00]]),\n",
       "   'distortion': array([-0.24358925, -0.20579766,  0.32205908])},\n",
       "  {'rotation': array([[-9.57540534e-04,  5.28159325e-03,  9.99985594e-01],\n",
       "          [-9.99999076e-01, -9.69974438e-04, -9.52430359e-04],\n",
       "          [ 9.64930115e-04, -9.99985582e-01,  5.28251716e-03]]),\n",
       "   'translation': array([1.63685016, 0.00213953, 1.40590799])},\n",
       "  None),\n",
       " ('train/00000/image/ring_front_center/315967383849927213.jpg',\n",
       "  {'K': array([[1.77733411e+03, 0.00000000e+00, 7.78222656e+02],\n",
       "          [0.00000000e+00, 1.77733411e+03, 1.01621350e+03],\n",
       "          [0.00000000e+00, 0.00000000e+00, 1.00000000e+00]]),\n",
       "   'distortion': array([-0.24358925, -0.20579766,  0.32205908])},\n",
       "  {'rotation': array([[-9.57540534e-04,  5.28159325e-03,  9.99985594e-01],\n",
       "          [-9.99999076e-01, -9.69974438e-04, -9.52430359e-04],\n",
       "          [ 9.64930115e-04, -9.99985582e-01,  5.28251716e-03]]),\n",
       "   'translation': array([1.63685016, 0.00213953, 1.40590799])},\n",
       "  None),\n",
       " ('train/00000/image/ring_front_center/315967384349927219.jpg',\n",
       "  {'K': array([[1.77733411e+03, 0.00000000e+00, 7.78222656e+02],\n",
       "          [0.00000000e+00, 1.77733411e+03, 1.01621350e+03],\n",
       "          [0.00000000e+00, 0.00000000e+00, 1.00000000e+00]]),\n",
       "   'distortion': array([-0.24358925, -0.20579766,  0.32205908])},\n",
       "  {'rotation': array([[-9.57540534e-04,  5.28159325e-03,  9.99985594e-01],\n",
       "          [-9.99999076e-01, -9.69974438e-04, -9.52430359e-04],\n",
       "          [ 9.64930115e-04, -9.99985582e-01,  5.28251716e-03]]),\n",
       "   'translation': array([1.63685016, 0.00213953, 1.40590799])},\n",
       "  None),\n",
       " ('train/00000/image/ring_front_center/315967384849927217.jpg',\n",
       "  {'K': array([[1.77733411e+03, 0.00000000e+00, 7.78222656e+02],\n",
       "          [0.00000000e+00, 1.77733411e+03, 1.01621350e+03],\n",
       "          [0.00000000e+00, 0.00000000e+00, 1.00000000e+00]]),\n",
       "   'distortion': array([-0.24358925, -0.20579766,  0.32205908])},\n",
       "  {'rotation': array([[-9.57540534e-04,  5.28159325e-03,  9.99985594e-01],\n",
       "          [-9.99999076e-01, -9.69974438e-04, -9.52430359e-04],\n",
       "          [ 9.64930115e-04, -9.99985582e-01,  5.28251716e-03]]),\n",
       "   'translation': array([1.63685016, 0.00213953, 1.40590799])},\n",
       "  None),\n",
       " ('train/00000/image/ring_front_center/315967385349927219.jpg',\n",
       "  {'K': array([[1.77733411e+03, 0.00000000e+00, 7.78222656e+02],\n",
       "          [0.00000000e+00, 1.77733411e+03, 1.01621350e+03],\n",
       "          [0.00000000e+00, 0.00000000e+00, 1.00000000e+00]]),\n",
       "   'distortion': array([-0.24358925, -0.20579766,  0.32205908])},\n",
       "  {'rotation': array([[-9.57540534e-04,  5.28159325e-03,  9.99985594e-01],\n",
       "          [-9.99999076e-01, -9.69974438e-04, -9.52430359e-04],\n",
       "          [ 9.64930115e-04, -9.99985582e-01,  5.28251716e-03]]),\n",
       "   'translation': array([1.63685016, 0.00213953, 1.40590799])},\n",
       "  array([[ 669.62357795, 1081.6216647 ],\n",
       "         [ 669.62560437, 1081.62051843],\n",
       "         [ 669.62763073, 1081.61937221],\n",
       "         ...,\n",
       "         [ 671.61172514, 1080.49705384],\n",
       "         [ 671.61368743, 1080.49594386],\n",
       "         [ 671.61564965, 1080.49483391]])),\n",
       " ('train/00000/image/ring_front_center/315967385849927217.jpg',\n",
       "  {'K': array([[1.77733411e+03, 0.00000000e+00, 7.78222656e+02],\n",
       "          [0.00000000e+00, 1.77733411e+03, 1.01621350e+03],\n",
       "          [0.00000000e+00, 0.00000000e+00, 1.00000000e+00]]),\n",
       "   'distortion': array([-0.24358925, -0.20579766,  0.32205908])},\n",
       "  {'rotation': array([[-9.57540534e-04,  5.28159325e-03,  9.99985594e-01],\n",
       "          [-9.99999076e-01, -9.69974438e-04, -9.52430359e-04],\n",
       "          [ 9.64930115e-04, -9.99985582e-01,  5.28251716e-03]]),\n",
       "   'translation': array([1.63685016, 0.00213953, 1.40590799])},\n",
       "  array([[ 658.30802059, 1082.50629795],\n",
       "         [ 658.31608896, 1082.50173915],\n",
       "         [ 658.32415633, 1082.49718091],\n",
       "         ...,\n",
       "         [ 665.88434839, 1078.22551   ],\n",
       "         [ 665.8915047 , 1078.22146653],\n",
       "         [ 665.89866017, 1078.21742353]])),\n",
       " ('train/00000/image/ring_front_center/315967386349927219.jpg',\n",
       "  {'K': array([[1.77733411e+03, 0.00000000e+00, 7.78222656e+02],\n",
       "          [0.00000000e+00, 1.77733411e+03, 1.01621350e+03],\n",
       "          [0.00000000e+00, 0.00000000e+00, 1.00000000e+00]]),\n",
       "   'distortion': array([-0.24358925, -0.20579766,  0.32205908])},\n",
       "  {'rotation': array([[-9.57540534e-04,  5.28159325e-03,  9.99985594e-01],\n",
       "          [-9.99999076e-01, -9.69974438e-04, -9.52430359e-04],\n",
       "          [ 9.64930115e-04, -9.99985582e-01,  5.28251716e-03]]),\n",
       "   'translation': array([1.63685016, 0.00213953, 1.40590799])},\n",
       "  array([[ 644.99402582, 1086.43561625],\n",
       "         [ 645.00789544, 1086.42776997],\n",
       "         [ 645.02176222, 1086.41992529],\n",
       "         ...,\n",
       "         [ 657.537077  , 1079.33650876],\n",
       "         [ 657.5484842 , 1079.33004682],\n",
       "         [ 657.55988928, 1079.3235861 ]])),\n",
       " ('train/00000/image/ring_front_center/315967386849927220.jpg',\n",
       "  {'K': array([[1.77733411e+03, 0.00000000e+00, 7.78222656e+02],\n",
       "          [0.00000000e+00, 1.77733411e+03, 1.01621350e+03],\n",
       "          [0.00000000e+00, 0.00000000e+00, 1.00000000e+00]]),\n",
       "   'distortion': array([-0.24358925, -0.20579766,  0.32205908])},\n",
       "  {'rotation': array([[-9.57540534e-04,  5.28159325e-03,  9.99985594e-01],\n",
       "          [-9.99999076e-01, -9.69974438e-04, -9.52430359e-04],\n",
       "          [ 9.64930115e-04, -9.99985582e-01,  5.28251716e-03]]),\n",
       "   'translation': array([1.63685016, 0.00213953, 1.40590799])},\n",
       "  array([[ 635.09880539, 1088.81469471],\n",
       "         [ 635.11745731, 1088.8041315 ],\n",
       "         [ 635.13610422, 1088.79357111],\n",
       "         ...,\n",
       "         [ 651.50274881, 1079.52633048],\n",
       "         [ 651.51679276, 1079.51772454],\n",
       "         [ 651.53083339, 1079.50912064]])),\n",
       " ('train/00000/image/ring_front_center/315967387349927213.jpg',\n",
       "  {'K': array([[1.77733411e+03, 0.00000000e+00, 7.78222656e+02],\n",
       "          [0.00000000e+00, 1.77733411e+03, 1.01621350e+03],\n",
       "          [0.00000000e+00, 0.00000000e+00, 1.00000000e+00]]),\n",
       "   'distortion': array([-0.24358925, -0.20579766,  0.32205908])},\n",
       "  {'rotation': array([[-9.57540534e-04,  5.28159325e-03,  9.99985594e-01],\n",
       "          [-9.99999076e-01, -9.69974438e-04, -9.52430359e-04],\n",
       "          [ 9.64930115e-04, -9.99985582e-01,  5.28251716e-03]]),\n",
       "   'translation': array([1.63685016, 0.00213953, 1.40590799])},\n",
       "  array([[ 629.86692355, 1089.83183307],\n",
       "         [ 629.88878161, 1089.81944044],\n",
       "         [ 629.91063293, 1089.80705165],\n",
       "         ...,\n",
       "         [ 648.75252093, 1079.12446641],\n",
       "         [ 648.76892018, 1079.11513763],\n",
       "         [ 648.78531505, 1079.10581135]])),\n",
       " ('train/00000/image/ring_front_center/315967387849927213.jpg',\n",
       "  {'K': array([[1.77733411e+03, 0.00000000e+00, 7.78222656e+02],\n",
       "          [0.00000000e+00, 1.77733411e+03, 1.01621350e+03],\n",
       "          [0.00000000e+00, 0.00000000e+00, 1.00000000e+00]]),\n",
       "   'distortion': array([-0.24358925, -0.20579766,  0.32205908])},\n",
       "  {'rotation': array([[-9.57540534e-04,  5.28159325e-03,  9.99985594e-01],\n",
       "          [-9.99999076e-01, -9.69974438e-04, -9.52430359e-04],\n",
       "          [ 9.64930115e-04, -9.99985582e-01,  5.28251716e-03]]),\n",
       "   'translation': array([1.63685016, 0.00213953, 1.40590799])},\n",
       "  array([[ 627.83170586, 1094.00180591],\n",
       "         [ 627.85507028, 1093.98845767],\n",
       "         [ 627.87842704, 1093.97511381],\n",
       "         ...,\n",
       "         [ 647.8601592 , 1082.56225858],\n",
       "         [ 647.87744331, 1082.55240107],\n",
       "         [ 647.89472256, 1082.54254633]])),\n",
       " ('train/00000/image/ring_front_center/315967388349927211.jpg',\n",
       "  {'K': array([[1.77733411e+03, 0.00000000e+00, 7.78222656e+02],\n",
       "          [0.00000000e+00, 1.77733411e+03, 1.01621350e+03],\n",
       "          [0.00000000e+00, 0.00000000e+00, 1.00000000e+00]]),\n",
       "   'distortion': array([-0.24358925, -0.20579766,  0.32205908])},\n",
       "  {'rotation': array([[-9.57540534e-04,  5.28159325e-03,  9.99985594e-01],\n",
       "          [-9.99999076e-01, -9.69974438e-04, -9.52430359e-04],\n",
       "          [ 9.64930115e-04, -9.99985582e-01,  5.28251716e-03]]),\n",
       "   'translation': array([1.63685016, 0.00213953, 1.40590799])},\n",
       "  array([[ 627.32781832, 1104.03979128],\n",
       "         [ 627.35192926, 1104.02593861],\n",
       "         [ 627.37603207, 1104.0120906 ],\n",
       "         ...,\n",
       "         [ 647.90886175, 1092.21051732],\n",
       "         [ 647.92652097, 1092.20036676],\n",
       "         [ 647.9441751 , 1092.19021912]])),\n",
       " ('train/00000/image/ring_front_center/315967388849927217.jpg',\n",
       "  {'K': array([[1.77733411e+03, 0.00000000e+00, 7.78222656e+02],\n",
       "          [0.00000000e+00, 1.77733411e+03, 1.01621350e+03],\n",
       "          [0.00000000e+00, 0.00000000e+00, 1.00000000e+00]]),\n",
       "   'distortion': array([-0.24358925, -0.20579766,  0.32205908])},\n",
       "  {'rotation': array([[-9.57540534e-04,  5.28159325e-03,  9.99985594e-01],\n",
       "          [-9.99999076e-01, -9.69974438e-04, -9.52430359e-04],\n",
       "          [ 9.64930115e-04, -9.99985582e-01,  5.28251716e-03]]),\n",
       "   'translation': array([1.63685016, 0.00213953, 1.40590799])},\n",
       "  array([[ 626.29383881, 1104.0339198 ],\n",
       "         [ 626.31904734, 1104.01945862],\n",
       "         [ 626.34424706, 1104.00500251],\n",
       "         ...,\n",
       "         [ 647.69866754, 1091.76239849],\n",
       "         [ 647.71695385, 1091.75192611],\n",
       "         [ 647.73523471, 1091.74145686]])),\n",
       " ('train/00000/image/ring_front_center/315967389349927211.jpg',\n",
       "  {'K': array([[1.77733411e+03, 0.00000000e+00, 7.78222656e+02],\n",
       "          [0.00000000e+00, 1.77733411e+03, 1.01621350e+03],\n",
       "          [0.00000000e+00, 0.00000000e+00, 1.00000000e+00]]),\n",
       "   'distortion': array([-0.24358925, -0.20579766,  0.32205908])},\n",
       "  {'rotation': array([[-9.57540534e-04,  5.28159325e-03,  9.99985594e-01],\n",
       "          [-9.99999076e-01, -9.69974438e-04, -9.52430359e-04],\n",
       "          [ 9.64930115e-04, -9.99985582e-01,  5.28251716e-03]]),\n",
       "   'translation': array([1.63685016, 0.00213953, 1.40590799])},\n",
       "  array([[ 624.52097432, 1106.0056956 ],\n",
       "         [ 624.54774424, 1105.99037317],\n",
       "         [ 624.57450431, 1105.97505638],\n",
       "         ...,\n",
       "         [ 647.07757841, 1093.09376234],\n",
       "         [ 647.09670232, 1093.08282061],\n",
       "         [ 647.11582028, 1093.07188228]])),\n",
       " ('train/00000/image/ring_front_center/315967389849927217.jpg',\n",
       "  {'K': array([[1.77733411e+03, 0.00000000e+00, 7.78222656e+02],\n",
       "          [0.00000000e+00, 1.77733411e+03, 1.01621350e+03],\n",
       "          [0.00000000e+00, 0.00000000e+00, 1.00000000e+00]]),\n",
       "   'distortion': array([-0.24358925, -0.20579766,  0.32205908])},\n",
       "  {'rotation': array([[-9.57540534e-04,  5.28159325e-03,  9.99985594e-01],\n",
       "          [-9.99999076e-01, -9.69974438e-04, -9.52430359e-04],\n",
       "          [ 9.64930115e-04, -9.99985582e-01,  5.28251716e-03]]),\n",
       "   'translation': array([1.63685016, 0.00213953, 1.40590799])},\n",
       "  array([[ 622.26861703, 1106.74096718],\n",
       "         [ 622.29753702, 1106.72451905],\n",
       "         [ 622.32644568, 1106.70807737],\n",
       "         ...,\n",
       "         [ 646.39168188, 1093.01704419],\n",
       "         [ 646.4119129 , 1093.00553733],\n",
       "         [ 646.43213728, 1092.99403424]])),\n",
       " ('train/00000/image/ring_front_center/315967390349927214.jpg',\n",
       "  {'K': array([[1.77733411e+03, 0.00000000e+00, 7.78222656e+02],\n",
       "          [0.00000000e+00, 1.77733411e+03, 1.01621350e+03],\n",
       "          [0.00000000e+00, 0.00000000e+00, 1.00000000e+00]]),\n",
       "   'distortion': array([-0.24358925, -0.20579766,  0.32205908])},\n",
       "  {'rotation': array([[-9.57540534e-04,  5.28159325e-03,  9.99985594e-01],\n",
       "          [-9.99999076e-01, -9.69974438e-04, -9.52430359e-04],\n",
       "          [ 9.64930115e-04, -9.99985582e-01,  5.28251716e-03]]),\n",
       "   'translation': array([1.63685016, 0.00213953, 1.40590799])},\n",
       "  array([[ 619.9682919 , 1108.4987552 ],\n",
       "         [ 619.99998708, 1108.48073371],\n",
       "         [ 620.03166887, 1108.46271983],\n",
       "         ...,\n",
       "         [ 646.07185948, 1093.65807604],\n",
       "         [ 646.09348797, 1093.64578916],\n",
       "         [ 646.11510892, 1093.63350657]])),\n",
       " ('train/00000/image/ring_front_center/315967390849927216.jpg',\n",
       "  {'K': array([[1.77733411e+03, 0.00000000e+00, 7.78222656e+02],\n",
       "          [0.00000000e+00, 1.77733411e+03, 1.01621350e+03],\n",
       "          [0.00000000e+00, 0.00000000e+00, 1.00000000e+00]]),\n",
       "   'distortion': array([-0.24358925, -0.20579766,  0.32205908])},\n",
       "  {'rotation': array([[-9.57540534e-04,  5.28159325e-03,  9.99985594e-01],\n",
       "          [-9.99999076e-01, -9.69974438e-04, -9.52430359e-04],\n",
       "          [ 9.64930115e-04, -9.99985582e-01,  5.28251716e-03]]),\n",
       "   'translation': array([1.63685016, 0.00213953, 1.40590799])},\n",
       "  array([[ 616.84835292, 1112.26093749],\n",
       "         [ 616.88401009, 1112.24068692],\n",
       "         [ 616.91965066, 1112.22044577],\n",
       "         ...,\n",
       "         [ 645.70480518, 1095.8769938 ],\n",
       "         [ 645.72831758, 1095.86365003],\n",
